0 0.612408 0.495615 0.281141 0.509445 0.949367 1
39 0.367255 0.788641 0.0492003 0.246369 0.823644 354
41 0.618474 0.847736 0.0478165 0.122118 0.837127 382
0
0 0.614639 0.495052 0.286404 0.508552 0.948879 1
39 0.364332 0.785403 0.0490924 0.245162 0.824459 354
41 0.618298 0.847379 0.0479097 0.121858 0.837282 382
1
0 0.615486 0.494876 0.288392 0.508168 0.948643 1
39 0.363266 0.784232 0.0490582 0.244717 0.825207 354
41 0.618236 0.84729 0.0479402 0.121842 0.837922 382
2
0 0.615779 0.494833 0.289092 0.50803 0.948794 1
39 0.362907 0.783839 0.0490463 0.244572 0.825074 354
41 0.618217 0.847308 0.0479479 0.121927 0.838599 382
3
0 0.615861 0.494805 0.289284 0.508014 0.948859 1
39 0.36281 0.783733 0.0490548 0.244528 0.826497 354
41 0.618214 0.847371 0.0479452 0.122068 0.839424 382
4
0 0.615864 0.494845 0.289283 0.507961 0.948804 1
39 0.362819 0.783737 0.0490734 0.244453 0.828743 354
41 0.618183 0.847465 0.0480027 0.122233 0.849017 382
5
0 0.615838 0.494897 0.28922 0.507942 0.948586 1
39 0.362818 0.783433 0.0492735 0.243919 0.833759 354
41 0.618153 0.847582 0.0480749 0.122326 0.851957 382
6
0 0.615803 0.494923 0.289127 0.507909 0.948403 1
39 0.362985 0.78371 0.0492745 0.243824 0.841545 354
41 0.618102 0.847713 0.0481684 0.122538 0.856215 382
7
0 0.61577 0.494975 0.289016 0.507851 0.948494 1
39 0.363074 0.783861 0.0492671 0.243825 0.840097 354
41 0.618091 0.847841 0.0482036 0.12262 0.860254 382
8
0 0.615753 0.494978 0.288943 0.50809 0.947965 1
39 0.363002 0.783542 0.0494928 0.243772 0.850847 354
41 0.618117 0.84822 0.0481553 0.123931 0.857196 382
9
0 0.615734 0.495018 0.288892 0.508216 0.948421 1
39 0.363001 0.783439 0.0495316 0.243792 0.847805 354
41 0.618106 0.848344 0.0481656 0.12447 0.859889 382
10
0 0.615716 0.495132 0.288846 0.508249 0.948634 1
39 0.363024 0.783446 0.049533 0.243834 0.849075 354
41 0.618107 0.8484 0.0481759 0.124822 0.862 382
11
0 0.615692 0.495214 0.288812 0.508167 0.948723 1
39 0.363041 0.783485 0.0495039 0.24383 0.845654 354
41 0.61816 0.848387 0.0480541 0.125142 0.855478 382
12
0 0.615613 0.495285 0.288766 0.508428 0.948774 1
39 0.363209 0.78364 0.0493562 0.244284 0.871051 354
41 0.618167 0.849469 0.0480547 0.126547 0.888801 382
13
0 0.615579 0.495335 0.288698 0.508517 0.949067 1
39 0.363265 0.783266 0.0494133 0.24426 0.871304 354
41 0.618154 0.849852 0.0480574 0.126989 0.889499 382
14
0 0.61561 0.495328 0.288721 0.508596 0.949599 1
39 0.363317 0.783095 0.0494713 0.244176 0.871824 354
41 0.618162 0.849831 0.0480204 0.126841 0.889019 382
15
0 0.615578 0.4953 0.288657 0.508699 0.950103 1
39 0.363334 0.783089 0.0494637 0.24421 0.873168 354
41 0.618153 0.849948 0.0480233 0.127029 0.889135 382
16
0 0.615556 0.495212 0.288549 0.508698 0.949995 1
39 0.363351 0.783043 0.0494644 0.244267 0.889152 354
41 0.618093 0.849586 0.0481422 0.126542 0.889948 382
17
0 0.61552 0.495152 0.288452 0.508671 0.949715 1
39 0.363344 0.783003 0.0494239 0.244139 0.88951 354
41 0.618037 0.849454 0.0482657 0.126396 0.889459 382
18
0 0.615511 0.49514 0.288413 0.508629 0.949554 1
39 0.363361 0.782955 0.0494167 0.244121 0.888007 354
41 0.618023 0.849426 0.0483152 0.126312 0.888962 382
19
0 0.615527 0.495156 0.288479 0.508657 0.950228 1
39 0.363372 0.782958 0.0494698 0.243972 0.889441 354
41 0.618014 0.849279 0.0483281 0.126073 0.89048 382
20
0 0.615512 0.495192 0.288437 0.50855 0.949018 1
39 0.363365 0.783007 0.0495284 0.244243 0.882092 354
41 0.618066 0.849198 0.0483944 0.126011 0.891355 382
21
0 0.615494 0.495202 0.288418 0.508574 0.948671 1
39 0.363359 0.782994 0.0495729 0.244264 0.88194 354
41 0.618082 0.849337 0.0484098 0.126334 0.893301 382
22
0 0.615557 0.495254 0.288268 0.508483 0.948897 1
39 0.36335 0.78302 0.0496313 0.244417 0.882686 354
41 0.618055 0.849456 0.0484701 0.126526 0.891757 382
23
0 0.615645 0.495378 0.288124 0.508447 0.949479 1
39 0.363388 0.783082 0.0495152 0.244368 0.879467 354
41 0.618163 0.849165 0.0482636 0.125973 0.890513 382
24
0 0.615712 0.495356 0.288074 0.50841 0.949562 1
39 0.363409 0.78318 0.0495318 0.244455 0.892312 354
41 0.618261 0.849212 0.0480864 0.125758 0.89499 382
25
0 0.615719 0.495435 0.288104 0.5084 0.949172 1
39 0.363424 0.78311 0.0495519 0.244319 0.892671 354
41 0.618308 0.849383 0.0480403 0.12596 0.893199 382
26
0 0.6157 0.495743 0.288133 0.508314 0.949057 1
39 0.36344 0.783105 0.0495869 0.244372 0.891967 354
41 0.61831 0.849539 0.0480616 0.126077 0.893385 382
27
0 0.616038 0.496233 0.287445 0.508071 0.950694 1
39 0.363439 0.78315 0.0495878 0.244377 0.892169 354
41 0.61836 0.849474 0.0480227 0.126043 0.895112 382
28
0 0.616187 0.496779 0.287045 0.508108 0.9491 1
39 0.363552 0.783077 0.0496137 0.244297 0.891384 354
41 0.618399 0.849498 0.0479656 0.126051 0.895193 382
29
0 0.616293 0.497161 0.286837 0.5082 0.950032 1
39 0.363613 0.78312 0.0495302 0.244347 0.895432 354
41 0.61834 0.84964 0.0480965 0.126586 0.896295 382
30
0 0.616474 0.498579 0.286511 0.509512 0.950667 1
39 0.363644 0.783225 0.049506 0.244414 0.894578 354
41 0.618201 0.849738 0.0484082 0.126853 0.894659 382
31
0 0.61676 0.499383 0.285993 0.509638 0.951332 1
39 0.363606 0.783183 0.049539 0.244454 0.891031 354
41 0.618273 0.849705 0.0482537 0.126974 0.893461 382
32
0 0.617059 0.501495 0.285414 0.513298 0.952155 1
39 0.363519 0.783204 0.0498087 0.244582 0.896043 354
41 0.618448 0.849577 0.0478818 0.126942 0.894013 382
33
0 0.617372 0.50438 0.284831 0.517762 0.952436 1
39 0.363452 0.783118 0.0499651 0.244497 0.896828 354
41 0.618466 0.849425 0.0478875 0.127184 0.894518 382
34
0 0.618209 0.508709 0.283383 0.525257 0.952815 1
39 0.363329 0.782945 0.0502434 0.244205 0.901192 354
41 0.618393 0.849498 0.0481134 0.127294 0.894678 382
35
0 0.619378 0.513435 0.280926 0.534528 0.955107 1
39 0.363298 0.78294 0.050296 0.244204 0.894635 354
41 0.618324 0.849517 0.0483304 0.127474 0.896295 382
36
0 0.620893 0.518564 0.278047 0.542854 0.95611 1
39 0.363224 0.782997 0.0504095 0.244326 0.900256 354
41 0.618587 0.849346 0.0480642 0.127281 0.89975 382
37
0 0.622413 0.523038 0.275057 0.551833 0.954032 1
39 0.363223 0.782976 0.0503755 0.244325 0.900986 354
41 0.618679 0.849325 0.0479786 0.127637 0.902675 382
38
0 0.624255 0.528447 0.271411 0.562574 0.952312 1
39 0.36324 0.783107 0.0502989 0.244539 0.901507 354
41 0.618679 0.849979 0.0479811 0.128584 0.906838 382
39
0 0.626042 0.533962 0.26777 0.574101 0.950759 1
39 0.363241 0.783081 0.0502611 0.244466 0.902802 354
41 0.618596 0.849724 0.0480044 0.128305 0.90653 382
40
0 0.627997 0.540786 0.263624 0.586764 0.951667 1
39 0.363247 0.783063 0.0501045 0.24425 0.900723 354
41 0.618469 0.848642 0.0477223 0.125767 0.908553 382
41
0 0.629887 0.546643 0.259751 0.599188 0.950178 1
39 0.363287 0.783167 0.0499886 0.244393 0.901239 354
41 0.618444 0.848487 0.0476203 0.124848 0.912 382
42
0 0.63186 0.552554 0.255778 0.610145 0.949825 1
39 0.363305 0.783192 0.0499772 0.244334 0.903703 354
41 0.61848 0.848292 0.0474391 0.124863 0.906667 382
43
0 0.633553 0.557611 0.252382 0.619604 0.949638 1
39 0.363336 0.783108 0.0499802 0.244138 0.903998 354
41 0.618476 0.848254 0.0473562 0.124646 0.90989 382
44
0 0.635108 0.562994 0.249218 0.62954 0.953717 1
39 0.363321 0.783075 0.050061 0.244111 0.903837 354
41 0.618411 0.848351 0.0473628 0.12473 0.912928 382
45
0 0.635597 0.568138 0.248369 0.637888 0.952762 1
39 0.363317 0.78302 0.0500717 0.244078 0.903399 354
41 0.618306 0.848281 0.047385 0.124777 0.909185 382
46
0 0.636845 0.573503 0.246224 0.648401 0.949934 1
39 0.363321 0.783071 0.0501267 0.244326 0.90394 354
41 0.618251 0.847715 0.0474176 0.123048 0.89557 382
60 0.501815 0.829338 0.994348 0.317684 0.621045 384
47
0 0.639124 0.577755 0.241701 0.655482 0.949875 1
39 0.363359 0.783136 0.0500892 0.244385 0.904087 354
41 0.618231 0.848096 0.0474671 0.12375 0.881418 382
60 0.501603 0.828211 0.995281 0.318377 0.624182 384
56 0.500227 0.605744 0.0510091 0.165449 0.679755 385
48
0 0.640672 0.580957 0.238493 0.661241 0.951594 1
39 0.363354 0.783256 0.0500952 0.244393 0.906659 354
41 0.618362 0.847999 0.0474265 0.124156 0.885596 382
60 0.501481 0.828192 0.995372 0.317729 0.624756 384
56 0.500841 0.604623 0.0522699 0.168079 0.669569 385
49
0 0.641553 0.582533 0.236683 0.66408 0.946446 1
39 0.363348 0.783305 0.0500725 0.244519 0.906091 354
41 0.618263 0.848758 0.0475608 0.125381 0.852641 382
60 0.501719 0.827919 0.994021 0.317935 0.618614 384
56 0.50174 0.603835 0.0540643 0.169657 0.648301 385
50
0 0.642126 0.583317 0.235465 0.665059 0.948221 1
39 0.363341 0.783315 0.0500809 0.244545 0.905802 354
41 0.618107 0.848864 0.0479614 0.12562 0.891658 382
60 0.501688 0.828012 0.994068 0.317692 0.633867 384
56 0.502289 0.603767 0.055181 0.168878 0.627105 385
51
0 0.642422 0.583426 0.234888 0.664063 0.949505 1
39 0.363322 0.783286 0.0500326 0.244482 0.904152 354
41 0.617476 0.848722 0.0496391 0.124753 0.885154 382
60 0.502081 0.827626 0.994219 0.318651 0.618022 384
56 0.502835 0.603846 0.056314 0.168384 0.62119 385
52
0 0.642621 0.583005 0.234699 0.662474 0.949153 1
39 0.363328 0.783243 0.0499495 0.244429 0.905673 354
41 0.617308 0.849936 0.0503555 0.127952 0.885462 382
60 0.501354 0.828915 0.994736 0.317552 0.618833 384
56 0.503084 0.604152 0.0568711 0.168457 0.632333 385
53
0 0.642689 0.580529 0.234569 0.657178 0.950207 1
39 0.363332 0.783186 0.0499094 0.244448 0.906283 354
41 0.618011 0.846639 0.0494584 0.126044 0.916086 382
60 0.501512 0.829319 0.994126 0.316676 0.613282 384
56 0.503065 0.604364 0.0568673 0.168131 0.626411 385
54
0 0.642547 0.57643 0.234734 0.648592 0.950039 1
39 0.363313 0.783186 0.0499306 0.244452 0.905766 354
41 0.618685 0.839845 0.047794 0.123594 0.925646 382
60 0.501456 0.829829 0.994033 0.316543 0.608831 384
56 0.503051 0.604387 0.0568644 0.168204 0.630757 385
55
0 0.642271 0.570849 0.235211 0.637107 0.952401 1
39 0.363308 0.783025 0.0498673 0.244184 0.905857 354
41 0.61868 0.832639 0.0473278 0.128396 0.924394 382
60 0.501668 0.830299 0.993629 0.31663 0.57807 384
56 0.503207 0.604258 0.0571471 0.168646 0.660882 385
56
0 0.641665 0.564224 0.236459 0.623497 0.952721 1
39 0.363306 0.783062 0.0499095 0.244342 0.904931 354
41 0.618528 0.817626 0.0466012 0.124867 0.893418 382
60 0.501838 0.830328 0.993416 0.317518 0.501878 384
56 0.502449 0.604323 0.0558832 0.168795 0.66115 385
57
0 0.64049 0.555867 0.238687 0.606848 0.949311 1
39 0.363328 0.783036 0.0498899 0.244531 0.904348 354
41 0.618968 0.799088 0.0455807 0.121471 0.891598 382
60 0.501178 0.829704 0.994768 0.318086 0.530825 384
56 0.501914 0.604207 0.0549487 0.1692 0.668705 385
58
0 0.63864 0.547418 0.242375 0.590435 0.947737 1
39 0.363333 0.783033 0.0498565 0.2445 0.903805 354
41 0.619742 0.779596 0.0443686 0.120472 0.895239 382
60 0.501246 0.829546 0.994533 0.318402 0.537714 384
56 0.50194 0.604005 0.0548199 0.169484 0.67594 385
59
0 0.63706 0.537142 0.245698 0.569942 0.942928 1
39 0.363291 0.783113 0.0498398 0.244378 0.90288 354
41 0.620472 0.758391 0.0437093 0.117212 0.86079 382
60 0.501895 0.829469 0.993074 0.319602 0.599487 384
56 0.501578 0.604219 0.0538898 0.168081 0.621085 385
60
0 0.635615 0.525917 0.248701 0.547967 0.942596 1
39 0.363274 0.783098 0.0498211 0.244505 0.904484 354
41 0.621816 0.735275 0.0429185 0.118262 0.844817 382
60 0.501963 0.828729 0.992752 0.322336 0.621074 384
61
0 0.634391 0.510032 0.251258 0.516837 0.933876 1
39 0.363318 0.783106 0.0498711 0.244618 0.906172 354
41 0.623246 0.709382 0.0423466 0.114028 0.864783 382
60 0.501572 0.825628 0.992958 0.329949 0.610278 384
45 0.694142 0.816639 0.138673 0.1319 0.538771 386
62
0 0.633087 0.498875 0.254005 0.494653 0.942807 1
39 0.363318 0.783024 0.0498823 0.244436 0.90607 354
41 0.624522 0.683672 0.0412979 0.110371 0.859202 382
60 0.50172 0.827371 0.993822 0.324308 0.63749 384
45 0.694218 0.816268 0.138327 0.130638 0.548531 386
63
0 0.631744 0.494675 0.256576 0.486548 0.939416 1
39 0.363333 0.78303 0.0497735 0.24443 0.907424 354
41 0.625579 0.658376 0.0407169 0.108907 0.870839 382
60 0.502274 0.829164 0.99298 0.322009 0.654724 384
45 0.694193 0.816177 0.138323 0.130394 0.527067 386
64
0 0.630262 0.492721 0.258893 0.484584 0.934346 1
39 0.363372 0.782925 0.0496757 0.244659 0.903168 354
41 0.626422 0.62949 0.0391185 0.0988615 0.895407 382
60 0.502395 0.830079 0.992685 0.321459 0.50982 384
45 0.694276 0.816122 0.138465 0.130513 0.632736 386
65
0 0.628439 0.491915 0.262061 0.485647 0.938805 1
39 0.363392 0.782842 0.0496241 0.244791 0.902784 354
41 0.626981 0.604325 0.0378215 0.0921698 0.849051 382
60 0.502796 0.830224 0.99176 0.321294 0.561199 384
45 0.694345 0.815954 0.138503 0.130184 0.553492 386
66
0 0.627107 0.491685 0.264447 0.487099 0.937715 1
39 0.363401 0.782878 0.0495836 0.244686 0.903249 354
41 0.62757 0.581868 0.0359627 0.0875784 0.868209 382
60 0.503317 0.830368 0.990984 0.321212 0.527648 384
45 0.694349 0.816007 0.138674 0.130578 0.637145 386
67
0 0.62611 0.491901 0.26591 0.487259 0.938168 1
39 0.363455 0.782861 0.0494071 0.244597 0.898654 354
41 0.627618 0.561519 0.0343109 0.0829367 0.766414 382
60 0.50306 0.830369 0.991636 0.321193 0.488285 384
45 0.694304 0.816111 0.138768 0.130863 0.574951 386
68
0 0.625116 0.491983 0.267542 0.488772 0.925836 1
39 0.363476 0.782915 0.049393 0.244658 0.896994 354
41 0.627573 0.54251 0.0318405 0.079408 0.788923 382
60 0.503128 0.830244 0.991678 0.321411 0.456869 384
45 0.694288 0.816007 0.138737 0.13088 0.620265 386
69
0 0.623662 0.49173 0.269666 0.489703 0.946542 1
39 0.363475 0.782862 0.049426 0.244645 0.899379 354
41 0.627184 0.524696 0.0312166 0.078015 0.857502 382
60 0.502282 0.830125 0.993139 0.320711 0.460155 384
45 0.694254 0.81613 0.138848 0.131657 0.624291 386
70
0 0.622523 0.491942 0.271427 0.488807 0.911088 1
39 0.363477 0.782867 0.0494401 0.244604 0.898556 354
41 0.626559 0.510609 0.0304205 0.075645 0.81202 382
60 0.502282 0.829362 0.993529 0.320082 0.399118 384
45 0.694288 0.815972 0.138807 0.131673 0.632494 386
71
0 0.621372 0.491449 0.273042 0.48919 0.92586 1
39 0.363485 0.782885 0.0494403 0.244604 0.898371 354
41 0.625593 0.496166 0.0295513 0.0746276 0.705444 382
60 0.501559 0.82895 0.994302 0.319379 0.340145 384
45 0.694252 0.816383 0.139008 0.133098 0.658457 386
72
0 0.62056 0.490685 0.274672 0.49107 0.928461 1
39 0.363447 0.782971 0.0495622 0.244628 0.897972 354
41 0.624678 0.484049 0.0284988 0.0731906 0.815159 382
60 0.501276 0.828703 0.994277 0.318489 0.28355 384
45 0.694232 0.816663 0.138892 0.133855 0.645454 386
73
0 0.620001 0.490304 0.276309 0.492715 0.936366 1
39 0.363475 0.783035 0.0495173 0.24474 0.896899 354
41 0.623477 0.473639 0.0281301 0.0707531 0.69178 382
60 0.501442 0.828901 0.993892 0.318657 0.319247 384
45 0.694216 0.816844 0.13883 0.134321 0.620401 386
74
0 0.619532 0.490674 0.277393 0.493336 0.935601 1
39 0.363485 0.783011 0.0494969 0.244728 0.894372 354
41 0.623507 0.465074 0.0267162 0.070599 0.615196 382
60 0.501726 0.828944 0.993342 0.318641 0.294714 384
45 0.694224 0.816428 0.138805 0.13369 0.565479 386
75
0 0.619648 0.489789 0.276872 0.494302 0.940936 1
39 0.363487 0.782959 0.0494773 0.244725 0.893179 354
41 0.62221 0.457437 0.0260096 0.067145 0.41935 382
60 0.501616 0.828937 0.993723 0.318888 0.313561 384
45 0.694301 0.815926 0.138792 0.133068 0.630484 386
76
0 0.619761 0.488949 0.277122 0.495646 0.939711 1
39 0.363473 0.782871 0.0493948 0.244511 0.889588 354
45 0.694356 0.815885 0.138807 0.132822 0.601215 386
77
0 0.619589 0.489168 0.277806 0.497041 0.938359 1
39 0.363453 0.782836 0.0493594 0.244266 0.888522 354
45 0.694337 0.815996 0.138781 0.132623 0.619686 386
78
0 0.619629 0.48945 0.277842 0.497523 0.938688 1
39 0.363447 0.782846 0.0493768 0.244214 0.88972 354
45 0.694332 0.816186 0.138759 0.132892 0.633786 386
79
0 0.619706 0.489561 0.277586 0.497853 0.942621 1
39 0.363448 0.78279 0.0494758 0.244093 0.891791 354
45 0.694308 0.816405 0.138793 0.13307 0.637756 386
80
0 0.619935 0.489536 0.2771 0.498167 0.942713 1
39 0.363432 0.782836 0.0495145 0.24402 0.892242 354
45 0.694265 0.816579 0.138916 0.133285 0.659567 386
81
0 0.620154 0.489489 0.276572 0.498652 0.940443 1
39 0.363419 0.78289 0.0495497 0.244107 0.892462 354
45 0.694263 0.816417 0.138858 0.133031 0.621143 386
82
0 0.620315 0.489542 0.276215 0.499074 0.940212 1
39 0.363418 0.782827 0.0495819 0.244044 0.892689 354
45 0.694314 0.815997 0.138762 0.132379 0.606852 386
83
0 0.620422 0.489706 0.275925 0.499347 0.939753 1
39 0.363423 0.782802 0.0495488 0.244113 0.896698 354
45 0.694298 0.81587 0.138762 0.132175 0.630691 386
84
0 0.620518 0.489817 0.275793 0.499098 0.940381 1
39 0.363445 0.782828 0.0495668 0.24414 0.895121 354
45 0.694247 0.816181 0.138843 0.132915 0.676779 386
85
0 0.62049 0.490003 0.275835 0.498894 0.938878 1
39 0.363448 0.782933 0.0495792 0.244167 0.897083 354
45 0.694292 0.815911 0.138725 0.132479 0.658911 386
86
0 0.620624 0.490076 0.27558 0.498698 0.938987 1
39 0.363444 0.78305 0.0495785 0.24432 0.89598 354
45 0.694297 0.815826 0.138711 0.132326 0.661722 386
87
0 0.620752 0.490027 0.275346 0.49881 0.940243 1
39 0.363429 0.783173 0.049496 0.244366 0.893652 354
45 0.6943 0.815809 0.138682 0.131936 0.643468 386
88
0 0.620944 0.490071 0.275058 0.49884 0.940324 1
39 0.36343 0.783159 0.0494044 0.244407 0.887436 354
45 0.694279 0.81579 0.138668 0.131868 0.620926 386
89
0 0.620928 0.490069 0.275098 0.499161 0.940202 1
39 0.363414 0.783107 0.0494403 0.244513 0.891868 354
45 0.69428 0.815775 0.138674 0.131631 0.60431 386
90
0 0.620902 0.490177 0.275104 0.499568 0.939818 1
39 0.363403 0.783168 0.0494138 0.244462 0.88678 354
45 0.694255 0.815851 0.138751 0.131756 0.603936 386
91
0 0.620792 0.490155 0.275269 0.499519 0.940847 1
39 0.363377 0.783268 0.0493641 0.244221 0.887613 354
45 0.694265 0.815868 0.138779 0.131673 0.596328 386
92
0 0.620659 0.490197 0.275544 0.499755 0.941187 1
39 0.363389 0.783201 0.0494386 0.244273 0.888245 354
45 0.694283 0.815786 0.138763 0.131431 0.552286 386
93
0 0.620563 0.490137 0.275655 0.499869 0.942587 1
39 0.363395 0.783103 0.0494872 0.244521 0.887744 354
45 0.694289 0.815763 0.138728 0.131378 0.526872 386
94
0 0.620642 0.49009 0.275492 0.499965 0.942969 1
39 0.363421 0.783013 0.049484 0.244503 0.889637 354
45 0.694323 0.815708 0.13871 0.131286 0.520455 386
95
0 0.620691 0.49002 0.275388 0.500203 0.942876 1
39 0.363445 0.783017 0.0494645 0.244619 0.889734 354
45 0.694338 0.815755 0.138732 0.131454 0.568989 386
96
0 0.620708 0.489779 0.275359 0.500432 0.943269 1
39 0.363438 0.783001 0.0494733 0.244508 0.893899 354
45 0.694295 0.815768 0.138702 0.131573 0.59412 386
97
0 0.620658 0.489601 0.27545 0.500692 0.943227 1
39 0.363427 0.782939 0.0494374 0.244336 0.89338 354
45 0.694271 0.815784 0.13866 0.131684 0.573765 386
98
0 0.620516 0.489546 0.275725 0.500798 0.943706 1
39 0.363417 0.78296 0.0494112 0.244412 0.892149 354
45 0.694259 0.815818 0.138689 0.131791 0.569374 386
99
0 0.620419 0.489621 0.275865 0.500811 0.945381 1
39 0.363452 0.78297 0.0493571 0.244311 0.895526 354
45 0.694311 0.815784 0.138703 0.131647 0.579161 386
100
0 0.620435 0.489367 0.275891 0.501213 0.942968 1
39 0.363453 0.782931 0.0493846 0.244072 0.897211 354
45 0.694315 0.815831 0.138718 0.131788 0.608933 386
101
0 0.620362 0.489226 0.276064 0.501519 0.941817 1
39 0.363468 0.78294 0.049402 0.243777 0.896445 354
45 0.694321 0.815798 0.138757 0.131904 0.617887 386
102
0 0.620298 0.489226 0.276172 0.501561 0.943617 1
39 0.363477 0.783047 0.0494367 0.243904 0.897623 354
45 0.694309 0.815728 0.138795 0.13187 0.630205 386
103
0 0.620299 0.489061 0.276156 0.501919 0.943537 1
39 0.363477 0.78302 0.0494107 0.243717 0.895127 354
45 0.694299 0.815648 0.138797 0.131746 0.617935 386
104
0 0.620264 0.488908 0.276189 0.502203 0.944443 1
39 0.36346 0.783171 0.0493431 0.243935 0.895475 354
45 0.69432 0.815601 0.138733 0.131619 0.559521 386
105
0 0.620155 0.488732 0.276355 0.502612 0.944962 1
39 0.363455 0.783169 0.0493866 0.243804 0.896797 354
45 0.6943 0.815608 0.138751 0.131627 0.550859 386
106
0 0.620179 0.488583 0.276408 0.50298 0.944799 1
39 0.363458 0.783134 0.0493395 0.243656 0.894896 354
45 0.694305 0.815565 0.138757 0.131639 0.541559 386
107
0 0.620233 0.488533 0.27632 0.503237 0.94398 1
39 0.363455 0.783134 0.0493242 0.243841 0.895322 354
45 0.694294 0.815761 0.138865 0.131995 0.600383 386
108
0 0.620318 0.488191 0.276059 0.503748 0.944513 1
39 0.36345 0.782987 0.0493283 0.243895 0.893655 354
45 0.694268 0.816076 0.138912 0.132451 0.599859 386
109
0 0.620252 0.488057 0.276098 0.503957 0.943687 1
39 0.363427 0.782946 0.0492931 0.243961 0.896909 354
45 0.694307 0.815906 0.138813 0.132048 0.539974 386
110
0 0.620276 0.487951 0.276093 0.504099 0.943164 1
39 0.36343 0.782937 0.0493323 0.2441 0.89493 354
45 0.694286 0.81616 0.138927 0.132583 0.61753 386
111
0 0.620193 0.487968 0.276234 0.504103 0.943041 1
39 0.363408 0.782839 0.0493293 0.24395 0.895852 354
45 0.694292 0.815841 0.138884 0.131917 0.565972 386
112
0 0.620098 0.487889 0.27646 0.504177 0.944236 1
39 0.363464 0.782872 0.0493272 0.244241 0.893058 354
45 0.694299 0.815868 0.138861 0.132018 0.625147 386
113
0 0.62003 0.487826 0.276594 0.5043 0.943636 1
39 0.363513 0.782875 0.0493692 0.244356 0.89189 354
45 0.694308 0.815941 0.138785 0.13228 0.637581 386
114
0 0.619973 0.487825 0.276787 0.504392 0.942139 1
39 0.363541 0.782896 0.049424 0.244196 0.894113 354
45 0.694283 0.815963 0.138765 0.132456 0.616003 386
115
0 0.619881 0.487802 0.276862 0.504546 0.942472 1
39 0.363546 0.782988 0.0494453 0.24435 0.894051 354
45 0.694301 0.815896 0.138685 0.13218 0.620833 386
116
0 0.619772 0.487836 0.277076 0.504638 0.942584 1
39 0.363552 0.782838 0.0493866 0.24411 0.891048 354
45 0.694332 0.815836 0.138646 0.132015 0.606844 386
117
0 0.619771 0.487824 0.277046 0.504738 0.941521 1
39 0.363515 0.782834 0.0493093 0.2441 0.892513 354
45 0.694345 0.81579 0.138673 0.131865 0.550501 386
118
0 0.619759 0.487874 0.277056 0.504744 0.941657 1
39 0.3635 0.782777 0.0493489 0.243937 0.893417 354
45 0.69438 0.81572 0.13869 0.131684 0.560217 386
119
0 0.619681 0.487837 0.277184 0.504915 0.940142 1
39 0.363416 0.782696 0.0492396 0.243997 0.891468 354
45 0.694384 0.81577 0.138677 0.131752 0.587768 386
120
0 0.619696 0.487847 0.277177 0.505051 0.941069 1
39 0.363421 0.782691 0.0492079 0.244168 0.894232 354
45 0.69436 0.815784 0.138652 0.131821 0.547846 386
121
0 0.6198 0.487787 0.277057 0.50511 0.941751 1
39 0.363447 0.782709 0.0492311 0.244266 0.893092 354
45 0.694372 0.815804 0.138725 0.131977 0.639693 386
122
0 0.619799 0.487768 0.27701 0.505185 0.941823 1
39 0.363461 0.7827 0.0492521 0.244086 0.893329 354
45 0.69437 0.816086 0.138793 0.132544 0.651116 386
123
0 0.619636 0.487699 0.277327 0.505054 0.941577 1
39 0.363424 0.782811 0.0492608 0.244209 0.894412 354
45 0.694341 0.816561 0.138893 0.133442 0.629136 386
124
0 0.619621 0.48779 0.277318 0.504663 0.941008 1
39 0.363438 0.782626 0.0492824 0.244319 0.893744 354
45 0.694267 0.817182 0.139045 0.134611 0.634008 386
125
0 0.619627 0.487941 0.277364 0.504245 0.941784 1
39 0.363459 0.782694 0.0492896 0.244196 0.892638 354
45 0.694201 0.817586 0.139101 0.135457 0.618787 386
126
0 0.619757 0.488177 0.27717 0.503939 0.941846 1
39 0.363411 0.782713 0.0493502 0.244137 0.893457 354
45 0.694182 0.816617 0.139048 0.133562 0.619435 386
127
0 0.619719 0.488329 0.277234 0.503517 0.94314 1
39 0.363396 0.78287 0.0493985 0.244421 0.891006 354
45 0.694235 0.816066 0.138959 0.132619 0.618665 386
128
0 0.619693 0.488605 0.277289 0.502951 0.943728 1
39 0.363409 0.78292 0.0494442 0.244534 0.894086 354
45 0.694257 0.816055 0.138882 0.132561 0.5821 386
129
0 0.61966 0.488714 0.277287 0.502747 0.944074 1
39 0.363396 0.782887 0.0494489 0.24442 0.896288 354
45 0.694303 0.815801 0.13875 0.13173 0.559059 386
130
0 0.619551 0.488942 0.277571 0.50219 0.945178 1
39 0.363416 0.78287 0.049477 0.244514 0.895677 354
45 0.694319 0.815707 0.138711 0.131503 0.550291 386
131
0 0.619516 0.489221 0.277732 0.501432 0.945167 1
39 0.363437 0.782898 0.0494833 0.244512 0.895173 354
45 0.694288 0.816029 0.138831 0.132191 0.646874 386
132
0 0.619438 0.489564 0.277926 0.500552 0.946625 1
39 0.363476 0.783 0.0495586 0.244511 0.892947 354
45 0.694268 0.815999 0.138858 0.132214 0.595873 386
133
0 0.619325 0.489951 0.278119 0.499597 0.94291 1
39 0.363489 0.783034 0.0495843 0.244665 0.894202 354
45 0.694332 0.815824 0.138706 0.131862 0.608343 386
134
0 0.619254 0.490107 0.278276 0.499106 0.941845 1
39 0.363489 0.782926 0.049616 0.244335 0.892823 354
45 0.694345 0.81577 0.138725 0.13185 0.63954 386
135
0 0.6192 0.490328 0.278454 0.498711 0.941704 1
39 0.363492 0.782968 0.0495927 0.244251 0.894983 354
45 0.694377 0.815618 0.138669 0.131698 0.625319 386
136
0 0.619131 0.490339 0.278566 0.498632 0.938652 1
39 0.363498 0.782939 0.049573 0.244611 0.894304 354
45 0.694437 0.815469 0.138691 0.131488 0.627961 386
137
0 0.619008 0.490315 0.278739 0.498543 0.937487 1
39 0.363475 0.782964 0.0495845 0.244709 0.894982 354
45 0.694458 0.815583 0.138793 0.131678 0.660236 386
138
0 0.618813 0.490199 0.27912 0.498802 0.939172 1
39 0.363478 0.782945 0.0495751 0.244908 0.895103 354
45 0.694463 0.815603 0.13877 0.131605 0.65695 386
139
0 0.618745 0.490421 0.27936 0.498655 0.940624 1
39 0.363476 0.783038 0.0496421 0.24478 0.894747 354
45 0.694486 0.815631 0.13878 0.131701 0.690224 386
140
0 0.618583 0.490399 0.279702 0.498573 0.939994 1
39 0.363475 0.782964 0.0496416 0.244676 0.892592 354
45 0.694492 0.815636 0.138838 0.131887 0.72436 386
141
0 0.618323 0.490814 0.280246 0.497622 0.940652 1
39 0.363439 0.78288 0.0497028 0.244815 0.889576 354
45 0.694511 0.815646 0.1388 0.131896 0.654504 386
142
0 0.617994 0.491323 0.280951 0.496544 0.941944 1
39 0.363393 0.782772 0.0497985 0.244645 0.892794 354
45 0.694528 0.81571 0.138814 0.131919 0.666658 386
143
0 0.617347 0.490676 0.282261 0.498174 0.942228 1
39 0.363393 0.78283 0.049787 0.244569 0.891004 354
45 0.694511 0.815835 0.138784 0.132201 0.615049 386
144
0 0.616884 0.493075 0.283327 0.492728 0.94485 1
39 0.363411 0.782781 0.0497484 0.244531 0.890104 354
45 0.694547 0.815706 0.138774 0.131848 0.622319 386
145
0 0.616378 0.493234 0.284311 0.493513 0.941485 1
39 0.363409 0.782808 0.0497175 0.244401 0.891208 354
45 0.694513 0.815767 0.138821 0.132084 0.715936 386
146
0 0.615893 0.493083 0.285368 0.493777 0.939025 1
39 0.363435 0.782849 0.049725 0.244446 0.891056 354
45 0.694511 0.815805 0.138808 0.13227 0.717299 386
147
0 0.615859 0.493769 0.285501 0.49195 0.936675 1
39 0.363522 0.782881 0.0496969 0.244386 0.894572 354
45 0.694514 0.815741 0.13883 0.132064 0.634668 386
41 0.607972 0.509132 0.0328561 0.0773418 0.853347 387
148
0 0.615668 0.493802 0.285899 0.491169 0.949737 1
39 0.363506 0.782866 0.0496791 0.244242 0.894605 354
45 0.694488 0.815568 0.138793 0.131455 0.57444 386
41 0.606788 0.523942 0.0334431 0.0806771 0.859107 387
149
0 0.615856 0.494142 0.285422 0.491351 0.940866 1
39 0.363489 0.782874 0.0497217 0.244186 0.896394 354
45 0.69446 0.815566 0.138787 0.131265 0.540558 386
41 0.605039 0.542848 0.034577 0.0854641 0.863673 387
150
0 0.615878 0.495105 0.285363 0.489417 0.942361 1
39 0.363482 0.782861 0.0497439 0.244176 0.898823 354
45 0.694469 0.81553 0.138767 0.131013 0.546658 386
41 0.60339 0.560001 0.0352461 0.0880219 0.866522 387
151
0 0.616301 0.495125 0.284621 0.489415 0.94116 1
39 0.363475 0.782913 0.0497621 0.244341 0.90001 354
45 0.694452 0.815576 0.138712 0.13107 0.555585 386
41 0.601196 0.578357 0.0362186 0.0904574 0.880722 387
152
0 0.616914 0.495377 0.28364 0.489272 0.940607 1
39 0.363488 0.782981 0.0497455 0.244316 0.900553 354
45 0.694413 0.81573 0.138654 0.131163 0.580854 386
41 0.59902 0.594434 0.0369964 0.0920964 0.883034 387
153
0 0.617453 0.495167 0.282219 0.488887 0.939472 1
39 0.363512 0.783278 0.0496981 0.244176 0.901008 354
45 0.694406 0.815773 0.138557 0.130992 0.558833 386
41 0.597928 0.608899 0.0378723 0.0938332 0.897214 387
154
0 0.618244 0.495097 0.280654 0.488482 0.942631 1
39 0.3635 0.783374 0.0497199 0.244042 0.899725 354
45 0.694417 0.816074 0.138499 0.131588 0.623344 386
41 0.59769 0.623048 0.0383006 0.096629 0.897833 387
155
0 0.619249 0.494908 0.278746 0.487966 0.943111 1
39 0.363454 0.78326 0.0498606 0.244389 0.902213 354
45 0.694408 0.816149 0.138548 0.131944 0.569772 386
41 0.597215 0.635541 0.0390712 0.0988824 0.892852 387
156
0 0.620438 0.494717 0.276533 0.487801 0.944843 1
39 0.363446 0.783352 0.0497826 0.244293 0.902547 354
45 0.694347 0.816624 0.138701 0.132617 0.560675 386
41 0.597036 0.648721 0.0407408 0.102558 0.890166 387
60 0.503084 0.829262 0.991773 0.322151 0.667516 388
157
0 0.622355 0.494881 0.272809 0.487715 0.946206 1
39 0.363411 0.783343 0.0497705 0.24416 0.904439 354
45 0.694283 0.816832 0.138714 0.132547 0.542478 386
41 0.597554 0.661858 0.0415043 0.105168 0.898019 387
60 0.502185 0.828942 0.993221 0.322673 0.656373 388
158
0 0.62463 0.495061 0.268489 0.48843 0.944096 1
39 0.363383 0.78314 0.0498622 0.244422 0.90317 354
45 0.694257 0.816846 0.138615 0.13284 0.631807 386
41 0.598458 0.676125 0.0425515 0.10817 0.904111 387
60 0.502749 0.827943 0.991856 0.324904 0.612294 388
159
0 0.626653 0.49651 0.264546 0.491094 0.940468 1
39 0.363373 0.783219 0.0498617 0.244385 0.90484 354
45 0.694265 0.816689 0.138348 0.131912 0.558454 386
41 0.599888 0.691455 0.0437417 0.111926 0.894154 387
60 0.503048 0.828526 0.992196 0.321264 0.617567 388
160
0 0.628798 0.501722 0.259847 0.501899 0.929201 1
39 0.363356 0.783497 0.0498214 0.244371 0.90387 354
45 0.694328 0.816398 0.138288 0.131579 0.532861 386
41 0.602596 0.708035 0.0445183 0.116033 0.892345 387
60 0.502587 0.828613 0.993224 0.320356 0.59103 388
161
0 0.630997 0.510108 0.255701 0.518964 0.937127 1
39 0.363382 0.783551 0.0497576 0.244385 0.904339 354
45 0.694455 0.816372 0.138263 0.132262 0.538199 386
41 0.604732 0.724689 0.0457862 0.117818 0.909896 387
60 0.502395 0.829273 0.993875 0.318816 0.621328 388
162
0 0.63337 0.518354 0.251158 0.535924 0.944877 1
39 0.363367 0.783564 0.049768 0.244372 0.90345 354
45 0.694402 0.816345 0.138322 0.133076 0.606383 386
41 0.606481 0.741979 0.0458433 0.120363 0.908717 387
60 0.502124 0.829772 0.994729 0.317546 0.576669 388
163
0 0.634685 0.526198 0.248588 0.552379 0.948603 1
39 0.363342 0.78357 0.0497334 0.244352 0.903089 354
45 0.694401 0.816347 0.138325 0.133146 0.421177 386
41 0.607856 0.75993 0.0466124 0.121427 0.916927 387
60 0.502756 0.830302 0.993878 0.316772 0.575271 388
164
0 0.635306 0.532891 0.247524 0.567547 0.952522 1
39 0.363268 0.783586 0.0498874 0.244286 0.902761 354
45 0.694562 0.817111 0.138058 0.134725 0.471402 386
41 0.608856 0.777155 0.0480164 0.123199 0.922999 387
60 0.502702 0.8304 0.994413 0.316197 0.572617 388
165
0 0.636821 0.540595 0.24442 0.583786 0.951154 1
39 0.363245 0.783571 0.0499629 0.244274 0.903808 354
41 0.610076 0.792731 0.049618 0.123617 0.910812 387
60 0.502731 0.830209 0.994539 0.316175 0.56158 388
166
0 0.638372 0.548409 0.241392 0.599228 0.950387 1
39 0.363235 0.783531 0.0499763 0.244221 0.904156 354
41 0.611343 0.806776 0.0512269 0.12537 0.886525 387
60 0.502848 0.829934 0.992609 0.317359 0.516106 388
167
0 0.639845 0.55477 0.23854 0.611888 0.952355 1
39 0.3633 0.783421 0.0498584 0.244171 0.904742 354
41 0.612356 0.820096 0.0519128 0.12904 0.891081 387
60 0.502737 0.829715 0.992893 0.317198 0.485337 388
56 0.504007 0.605098 0.0588505 0.166178 0.605523 389
168
0 0.640656 0.560144 0.236951 0.623171 0.950853 1
39 0.363333 0.783345 0.0497708 0.24411 0.904782 354
41 0.613567 0.830016 0.052251 0.129359 0.917833 387
60 0.50264 0.82971 0.993877 0.317238 0.484124 388
56 0.502768 0.603944 0.0563288 0.168409 0.574569 389
169
0 0.641101 0.565254 0.235957 0.633359 0.955402 1
39 0.363309 0.783317 0.0497992 0.244084 0.905405 354
41 0.614945 0.838926 0.0524275 0.129298 0.929435 387
60 0.502751 0.829554 0.993801 0.317679 0.51008 388
56 0.501766 0.604078 0.0544595 0.168139 0.575543 389
170
0 0.641486 0.569794 0.235029 0.643019 0.954387 1
39 0.363277 0.783104 0.0497865 0.244255 0.903226 354
41 0.616441 0.846578 0.0522322 0.129072 0.931242 387
60 0.502154 0.829465 0.994813 0.317684 0.478363 388
56 0.502564 0.604057 0.0560865 0.168145 0.503485 389
171
0 0.641813 0.573638 0.234341 0.651621 0.952966 1
39 0.363242 0.783347 0.049849 0.243943 0.904347 354
41 0.617879 0.854378 0.0517813 0.130084 0.91187 387
60 0.502014 0.829145 0.995223 0.31737 0.534651 388
56 0.502367 0.603922 0.0557371 0.168396 0.601528 389
172
0 0.642146 0.575527 0.233597 0.656492 0.953698 1
39 0.363234 0.783379 0.0499303 0.24395 0.90422 354
41 0.618088 0.85752 0.0513491 0.130059 0.915291 387
60 0.502167 0.82915 0.994733 0.317225 0.557105 388
56 0.505051 0.604378 0.0611843 0.167453 0.610279 389
173
0 0.642389 0.57606 0.233064 0.658866 0.952105 1
39 0.363249 0.783353 0.0499503 0.243938 0.903396 354
41 0.618237 0.858505 0.0512596 0.130246 0.912854 387
60 0.50237 0.829207 0.99443 0.316825 0.556776 388
56 0.506055 0.603936 0.0631791 0.168151 0.64145 389
174
0 0.642421 0.575719 0.232902 0.659267 0.951833 1
39 0.363245 0.783266 0.049941 0.243958 0.904849 354
41 0.61851 0.857956 0.0504729 0.129758 0.910134 387
60 0.502321 0.829181 0.994466 0.317072 0.556945 388
56 0.505416 0.603765 0.0619138 0.168292 0.654865 389
175
0 0.642265 0.575155 0.233124 0.658984 0.953638 1
39 0.363214 0.78336 0.0499318 0.243637 0.90324 354
41 0.618404 0.857454 0.050587 0.130734 0.908214 387
60 0.502157 0.829155 0.994266 0.317074 0.526885 388
56 0.505577 0.603908 0.0626254 0.168145 0.664605 389
176
0 0.642197 0.571524 0.233328 0.65179 0.954894 1
39 0.363218 0.783349 0.0499703 0.243787 0.90359 354
41 0.618017 0.856301 0.0512283 0.131327 0.896357 387
60 0.502309 0.829257 0.994158 0.317687 0.570442 388
56 0.507245 0.603881 0.065738 0.168401 0.663866 389
177
0 0.641654 0.565564 0.234535 0.640326 0.954596 1
39 0.363301 0.783359 0.0498472 0.243996 0.905301 354
41 0.618967 0.85581 0.049205 0.128379 0.891714 387
60 0.502242 0.829441 0.99457 0.317937 0.577646 388
56 0.506597 0.603712 0.0643062 0.16862 0.630571 389
178
0 0.641064 0.556941 0.235714 0.623282 0.952915 1
39 0.363293 0.7834 0.0498296 0.243816 0.903445 354
41 0.619535 0.855555 0.0478552 0.127485 0.907617 387
60 0.502281 0.829637 0.994147 0.317165 0.485132 388
56 0.505718 0.603977 0.0624024 0.167963 0.646366 389
179
0 0.639367 0.545963 0.239036 0.602367 0.948864 1
39 0.363306 0.783341 0.0498475 0.244125 0.904678 354
41 0.619683 0.855104 0.0475866 0.127221 0.90671 387
60 0.502429 0.829732 0.994216 0.316434 0.538806 388
56 0.503103 0.60557 0.0570639 0.164851 0.621022 389
180
0 0.636262 0.534109 0.245188 0.578962 0.947613 1
39 0.363322 0.78342 0.0498139 0.244069 0.905087 354
41 0.619731 0.854848 0.0474829 0.126991 0.906703 387
60 0.502377 0.830191 0.994385 0.315943 0.507954 388
181
0 0.633912 0.521232 0.249786 0.551901 0.948634 1
39 0.363318 0.783391 0.0497463 0.244039 0.903835 354
41 0.619702 0.853862 0.0475119 0.126474 0.905995 387
60 0.502211 0.830144 0.994469 0.316119 0.488413 388
182
0 0.631388 0.508293 0.254653 0.524468 0.944463 1
39 0.363316 0.783209 0.0498372 0.244411 0.903258 354
41 0.61967 0.853423 0.0475219 0.126339 0.907241 387
60 0.502038 0.830114 0.994614 0.316057 0.515021 388
183
0 0.62874 0.496574 0.259938 0.500647 0.946537 1
39 0.363362 0.783159 0.0497982 0.244362 0.904182 354
41 0.619571 0.853171 0.047727 0.126622 0.908735 387
60 0.502168 0.830086 0.993594 0.318618 0.515478 388
184
0 0.626113 0.492016 0.265259 0.491356 0.949549 1
39 0.36335 0.783146 0.0498523 0.244375 0.901954 354
41 0.619452 0.852828 0.0480125 0.126365 0.907083 387
60 0.502072 0.830248 0.993429 0.318453 0.56308 388
185
0 0.623672 0.49084 0.269998 0.489222 0.951381 1
39 0.363304 0.783091 0.0498658 0.244373 0.90211 354
41 0.619301 0.852642 0.0482977 0.126296 0.905703 387
60 0.501375 0.830322 0.994097 0.317666 0.480573 388
186
0 0.621162 0.490506 0.274903 0.489261 0.950113 1
39 0.363278 0.783073 0.0498908 0.244318 0.90184 354
41 0.619272 0.852413 0.0483461 0.126478 0.902685 387
60 0.50175 0.829715 0.9933 0.318998 0.441208 388
187
0 0.618386 0.490483 0.279893 0.489887 0.94811 1
39 0.363281 0.783094 0.0499063 0.24423 0.898305 354
41 0.619308 0.852707 0.0483149 0.126513 0.902678 387
60 0.501646 0.82901 0.993567 0.320838 0.450337 388
188
0 0.616671 0.490632 0.282955 0.490312 0.950027 1
39 0.36328 0.783025 0.0498786 0.244148 0.895757 354
41 0.619385 0.852519 0.0481017 0.126129 0.904411 387
60 0.501989 0.829691 0.992794 0.318657 0.365204 388
189
0 0.615634 0.490553 0.284977 0.491533 0.951381 1
39 0.363301 0.783059 0.0497917 0.244306 0.89647 354
41 0.619444 0.852253 0.0479167 0.1258 0.902704 387
60 0.502383 0.830314 0.992031 0.316673 0.281422 388
190
0 0.615018 0.490618 0.286133 0.492562 0.953519 1
39 0.363352 0.783093 0.0496889 0.244473 0.8953 354
41 0.619393 0.852238 0.0479708 0.125714 0.902593 387
60 0.501803 0.830107 0.99286 0.316384 0.255619 388
191
0 0.614582 0.49073 0.28712 0.493269 0.953381 1
39 0.363403 0.783174 0.0496157 0.244541 0.892336 354
41 0.619355 0.852356 0.0479531 0.125731 0.901413 387
192
0 0.614308 0.490671 0.287724 0.494087 0.950126 1
39 0.363454 0.783204 0.0495837 0.24505 0.895286 354
41 0.619382 0.852263 0.0479021 0.125695 0.903777 387
193
0 0.614394 0.490069 0.287696 0.495501 0.948653 1
39 0.363505 0.783185 0.0495166 0.245207 0.89442 354
41 0.619459 0.852087 0.0477752 0.12539 0.902521 387
194
0 0.614642 0.491393 0.287233 0.499035 0.947832 1
39 0.363536 0.783227 0.0494782 0.245376 0.894074 354
41 0.619438 0.852112 0.0478443 0.125541 0.903465 387
195
0 0.614985 0.493419 0.286448 0.505113 0.948957 1
39 0.363509 0.783393 0.0494534 0.245122 0.89406 354
41 0.619402 0.852148 0.0478992 0.125601 0.904937 387
196
0 0.61538 0.493778 0.285672 0.507979 0.948025 1
39 0.363498 0.783371 0.0493736 0.245117 0.893258 354
41 0.619387 0.852273 0.0479501 0.125829 0.905023 387
197
0 0.615584 0.494097 0.285779 0.509228 0.9496 1
39 0.363841 0.78336 0.0493617 0.245153 0.890973 354
41 0.619682 0.852239 0.0476568 0.125846 0.904983 387
198
0 0.615485 0.494375 0.285383 0.509518 0.948584 1
39 0.363468 0.783512 0.0494215 0.245129 0.89236 354
41 0.619435 0.852315 0.0476445 0.125782 0.906025 387
199
0 0.615638 0.494181 0.28531 0.509837 0.949154 1
39 0.363555 0.78348 0.0493055 0.245072 0.892445 354
41 0.619524 0.852197 0.047685 0.125856 0.904414 387
200
0 0.615598 0.494282 0.285574 0.51003 0.948402 1
39 0.363507 0.783497 0.0493113 0.245002 0.893396 354
41 0.619473 0.852105 0.0477016 0.125735 0.903458 387
201
0 0.615587 0.494309 0.285599 0.510168 0.948872 1
39 0.363507 0.783383 0.0494012 0.245164 0.895507 354
41 0.619561 0.851955 0.0475192 0.12551 0.903664 387
202
0 0.615614 0.494441 0.285681 0.509983 0.948573 1
39 0.363522 0.7833 0.0493598 0.245121 0.893251 354
41 0.619584 0.851884 0.0474663 0.125216 0.905035 387
203
0 0.61564 0.494495 0.285624 0.509965 0.948954 1
39 0.363527 0.783283 0.0493854 0.245086 0.894208 354
41 0.619611 0.851846 0.0473955 0.125399 0.904539 387
204
0 0.615617 0.494653 0.285618 0.509943 0.948819 1
39 0.363523 0.783399 0.0493882 0.245275 0.893652 354
41 0.6196 0.851936 0.0473404 0.125768 0.902305 387
205
0 0.615658 0.494669 0.285565 0.509998 0.948994 1
39 0.363548 0.783441 0.0494084 0.245267 0.893913 354
41 0.619605 0.851967 0.0473822 0.125916 0.903041 387
206
0 0.615691 0.494746 0.285474 0.509986 0.949124 1
39 0.363551 0.783461 0.0493944 0.245307 0.894811 354
41 0.619564 0.852053 0.0474262 0.126023 0.903231 387
207
0 0.615725 0.494688 0.285385 0.510128 0.949058 1
39 0.363536 0.783538 0.0493881 0.245499 0.892852 354
41 0.619593 0.852092 0.047392 0.126108 0.904007 387
208
0 0.615755 0.49465 0.285321 0.510161 0.949128 1
39 0.363534 0.783557 0.0493918 0.24551 0.894802 354
41 0.619576 0.851779 0.0474476 0.125559 0.90631 387
209
0 0.615768 0.494633 0.285296 0.510293 0.948584 1
39 0.363534 0.783437 0.049423 0.245328 0.895533 354
41 0.619573 0.851632 0.0474478 0.125374 0.906968 387
210
0 0.615776 0.494622 0.285233 0.510254 0.948343 1
39 0.363524 0.783484 0.0494503 0.245416 0.896953 354
41 0.619582 0.851561 0.04743 0.125221 0.906307 387
211
0 0.615766 0.494602 0.285251 0.510236 0.948576 1
39 0.36354 0.783492 0.0494415 0.245349 0.895206 354
41 0.619488 0.851689 0.0475852 0.125492 0.908264 387
212
0 0.615751 0.494625 0.28523 0.510134 0.948107 1
39 0.363538 0.783487 0.0494298 0.245341 0.897728 354
41 0.619431 0.851709 0.0476826 0.125561 0.907466 387
213
0 0.615754 0.49465 0.285224 0.510188 0.94795 1
39 0.363545 0.783525 0.0494302 0.245413 0.897736 354
41 0.619406 0.851722 0.0477345 0.125534 0.907443 387
214
0 0.615735 0.494728 0.285311 0.510135 0.948586 1
39 0.363536 0.783518 0.0494484 0.245319 0.898787 354
41 0.619333 0.851626 0.0478811 0.125339 0.907872 387
215
